{
  "advancedEditorSelectedIdentifier" : "ProjectBrowser",
  "openSceneRelativePaths" : [
    "BubbleScene.usda"
  ],
  "recentIdentifiers" : {
    "26DBAE76-5DD8-47B6-A085-1B4ADA111097" : [

    ],
    "28448B3C-E478-46F3-843B-6FF7A7CE61D7" : [

    ]
  },
  "sceneCameraHistory" : {
    "26DBAE76-5DD8-47B6-A085-1B4ADA111097" : [
      {
        "date" : 748995957.236821,
        "title" : "Untitled",
        "transform" : [
          0.9998862,
          1.3865319e-08,
          0.015088294,
          0,
          0.005291691,
          0.9364805,
          -0.35067955,
          0,
          -0.014129915,
          0.35071945,
          0.93637395,
          0,
          -2.3180737,
          4.839594,
          -1.2356997,
          1
        ]
      },
      {
        "date" : 748995954.468458,
        "title" : "Untitled",
        "transform" : [
          0.9998862,
          1.3865319e-08,
          0.015088294,
          0,
          0.005291691,
          0.9364805,
          -0.35067955,
          0,
          -0.014129915,
          0.35071945,
          0.93637395,
          0,
          -2.488035,
          5.8576717,
          -1.6195879,
          1
        ]
      },
      {
        "date" : 748980713.43074,
        "title" : "Untitled",
        "transform" : [
          0.9998862,
          1.3865319e-08,
          0.015088294,
          0,
          0.005291691,
          0.9364805,
          -0.35067955,
          0,
          -0.014129915,
          0.35071945,
          0.93637395,
          0,
          0.009178668,
          0.75026834,
          0.3310758,
          1
        ]
      },
      {
        "date" : 748980681.105304,
        "title" : "Untitled",
        "transform" : [
          0.96221143,
          1.3955002e-08,
          -0.27230355,
          0,
          -0.06133577,
          0.9743015,
          -0.21673574,
          0,
          0.26530576,
          0.22524753,
          0.9374841,
          0,
          0.23583621,
          0.64181626,
          0.21857655,
          1
        ]
      },
      {
        "date" : 748980676.574622,
        "title" : "Untitled",
        "transform" : [
          0.9707317,
          8.638973e-09,
          0.24016672,
          0,
          -0.0076575084,
          0.9994916,
          0.030950682,
          0,
          -0.24004461,
          -0.031883895,
          0.97023815,
          0,
          -0.14150432,
          0.45016465,
          0.20207919,
          1
        ]
      },
      {
        "date" : 748980670.205238,
        "title" : "Untitled",
        "transform" : [
          0.97073156,
          8.638972e-09,
          0.2401667,
          0,
          -0.0076575084,
          0.9994916,
          0.030950682,
          0,
          -0.24004461,
          -0.031883895,
          0.97023815,
          0,
          -0.34609616,
          0.5949862,
          0.855711,
          1
        ]
      },
      {
        "date" : 748980665.235394,
        "title" : "Untitled",
        "transform" : [
          0.9848613,
          9.2454455e-10,
          0.17334427,
          0,
          0.14677209,
          0.53205675,
          -0.8338906,
          0,
          -0.09222899,
          0.8467087,
          0.52400213,
          0,
          -0.0023074672,
          0.8051175,
          -0.36045092,
          1
        ]
      },
      {
        "date" : 748980662.842038,
        "title" : "Untitled",
        "transform" : [
          0.9848613,
          9.2454455e-10,
          0.17334427,
          0,
          0.14677209,
          0.53205675,
          -0.8338906,
          0,
          -0.09222899,
          0.8467087,
          0.52400213,
          0,
          0.0004768446,
          0.8152105,
          -0.37626973,
          1
        ]
      },
      {
        "date" : 748980657.710139,
        "title" : "Untitled",
        "transform" : [
          0.9848613,
          9.2454455e-10,
          0.17334427,
          0,
          0.14677209,
          0.53205675,
          -0.8338906,
          0,
          -0.09222899,
          0.8467087,
          0.52400213,
          0,
          0.00011587143,
          0.80278623,
          -0.35625744,
          1
        ]
      },
      {
        "date" : 748980646.976775,
        "title" : "Untitled",
        "transform" : [
          0.9848613,
          9.2454455e-10,
          0.17334427,
          0,
          0.14677209,
          0.53205675,
          -0.8338906,
          0,
          -0.09222899,
          0.8467087,
          0.52400213,
          0,
          -0.016825557,
          0.8260962,
          -0.3969046,
          1
        ]
      }
    ],
    "28448B3C-E478-46F3-843B-6FF7A7CE61D7" : [
      {
        "date" : 750168595.351132,
        "title" : "Untitled",
        "transform" : [
          0.8689732,
          1.3890133e-10,
          0.49485904,
          0,
          0.03676993,
          0.99723566,
          -0.064568035,
          0,
          -0.49349108,
          0.07430384,
          0.8665711,
          0,
          -0.108736664,
          0.31452346,
          0.63852346,
          1
        ]
      },
      {
        "date" : 750104038.775484,
        "title" : "Untitled",
        "transform" : [
          0.8689732,
          1.3890133e-10,
          0.49485904,
          0,
          0.03676993,
          0.99723566,
          -0.064568035,
          0,
          -0.49349108,
          0.07430384,
          0.8665711,
          0,
          -0.10638609,
          0.31711042,
          0.6396403,
          1
        ]
      },
      {
        "date" : 749593469.858759,
        "title" : "Untitled",
        "transform" : [
          1,
          -1.8155032e-09,
          -2.8524286e-05,
          0,
          -5.860873e-06,
          0.9786557,
          -0.20550698,
          0,
          2.7913316e-05,
          0.20550698,
          0.9786557,
          0,
          0.2241011,
          0.39477965,
          0.56119907,
          1
        ]
      },
      {
        "date" : 749593453.711316,
        "title" : "Untitled",
        "transform" : [
          0.99384755,
          -1.8151258e-09,
          0.11075704,
          0,
          -0.0107850535,
          0.9952477,
          0.096776694,
          0,
          -0.11023069,
          -0.09737581,
          0.9891245,
          0,
          0.118075185,
          0.08835852,
          0.4723794,
          1
        ]
      },
      {
        "date" : 749593329.19483,
        "title" : "Untitled",
        "transform" : [
          0.9927533,
          -1.8151256e-09,
          0.12016933,
          0,
          -0.011701584,
          0.9952477,
          0.09667016,
          0,
          -0.11959826,
          -0.09737581,
          0.98803556,
          0,
          0.08421303,
          0.09039279,
          1.3802611,
          1
        ]
      },
      {
        "date" : 749593319.784533,
        "title" : "Untitled",
        "transform" : [
          0.9914717,
          -1.9532458e-09,
          0.1303217,
          0,
          0.011884172,
          0.99583346,
          -0.090413325,
          0,
          -0.1297787,
          0.09119101,
          0.9873406,
          0,
          0.07056758,
          0.43735933,
          1.3386884,
          1
        ]
      },
      {
        "date" : 749593310.965681,
        "title" : "Untitled",
        "transform" : [
          0.9969208,
          -1.8762676e-09,
          0.07841473,
          0,
          0.009271497,
          0.9929855,
          -0.11787258,
          0,
          -0.07786468,
          0.11823663,
          0.9899278,
          0,
          0.16720463,
          0.48782504,
          1.3457235,
          1
        ]
      },
      {
        "date" : 749593308.736513,
        "title" : "Untitled",
        "transform" : [
          0.9970506,
          -1.948591e-09,
          0.07674707,
          0,
          0.023887262,
          0.95032924,
          -0.31032854,
          0,
          -0.07293498,
          0.31124654,
          0.9475264,
          0,
          0.1708194,
          0.75245595,
          1.3279939,
          1
        ]
      },
      {
        "date" : 749593304.053685,
        "title" : "Untitled",
        "transform" : [
          0.9987213,
          -1.6196358e-09,
          -0.050555572,
          0,
          -0.025422858,
          0.8643623,
          -0.5022266,
          0,
          0.04369834,
          0.50286967,
          0.863257,
          0,
          0.33565202,
          1.023958,
          1.2405844,
          1
        ]
      },
      {
        "date" : 748997403.431427,
        "title" : "Untitled",
        "transform" : [
          0.9951489,
          -1.6534667e-09,
          0.09837991,
          0,
          0.027172994,
          0.96109885,
          -0.2748648,
          0,
          -0.094552815,
          0.27620468,
          0.9564365,
          0,
          0.057621688,
          0.56843233,
          1.435715,
          1
        ]
      }
    ]
  },
  "sceneViewportBackgroundColors" : {

  }
}