{
  "advancedEditorSelectedIdentifier" : "ProjectBrowser",
  "openSceneRelativePaths" : [
    "BubbleScene.usda"
  ],
  "recentIdentifiers" : {
    "26DBAE76-5DD8-47B6-A085-1B4ADA111097" : [

    ]
  },
  "sceneCameraHistory" : {
    "26DBAE76-5DD8-47B6-A085-1B4ADA111097" : [
      {
        "date" : 748995957.236821,
        "title" : "Untitled",
        "transform" : [
          0.9998862,
          1.3865319e-08,
          0.015088294,
          0,
          0.005291691,
          0.9364805,
          -0.35067955,
          0,
          -0.014129915,
          0.35071945,
          0.93637395,
          0,
          -2.3180737,
          4.839594,
          -1.2356997,
          1
        ]
      },
      {
        "date" : 748995954.468458,
        "title" : "Untitled",
        "transform" : [
          0.9998862,
          1.3865319e-08,
          0.015088294,
          0,
          0.005291691,
          0.9364805,
          -0.35067955,
          0,
          -0.014129915,
          0.35071945,
          0.93637395,
          0,
          -2.488035,
          5.8576717,
          -1.6195879,
          1
        ]
      },
      {
        "date" : 748980713.43074,
        "title" : "Untitled",
        "transform" : [
          0.9998862,
          1.3865319e-08,
          0.015088294,
          0,
          0.005291691,
          0.9364805,
          -0.35067955,
          0,
          -0.014129915,
          0.35071945,
          0.93637395,
          0,
          0.009178668,
          0.75026834,
          0.3310758,
          1
        ]
      },
      {
        "date" : 748980681.105304,
        "title" : "Untitled",
        "transform" : [
          0.96221143,
          1.3955002e-08,
          -0.27230355,
          0,
          -0.06133577,
          0.9743015,
          -0.21673574,
          0,
          0.26530576,
          0.22524753,
          0.9374841,
          0,
          0.23583621,
          0.64181626,
          0.21857655,
          1
        ]
      },
      {
        "date" : 748980676.574622,
        "title" : "Untitled",
        "transform" : [
          0.9707317,
          8.638973e-09,
          0.24016672,
          0,
          -0.0076575084,
          0.9994916,
          0.030950682,
          0,
          -0.24004461,
          -0.031883895,
          0.97023815,
          0,
          -0.14150432,
          0.45016465,
          0.20207919,
          1
        ]
      },
      {
        "date" : 748980670.205238,
        "title" : "Untitled",
        "transform" : [
          0.97073156,
          8.638972e-09,
          0.2401667,
          0,
          -0.0076575084,
          0.9994916,
          0.030950682,
          0,
          -0.24004461,
          -0.031883895,
          0.97023815,
          0,
          -0.34609616,
          0.5949862,
          0.855711,
          1
        ]
      },
      {
        "date" : 748980665.235394,
        "title" : "Untitled",
        "transform" : [
          0.9848613,
          9.2454455e-10,
          0.17334427,
          0,
          0.14677209,
          0.53205675,
          -0.8338906,
          0,
          -0.09222899,
          0.8467087,
          0.52400213,
          0,
          -0.0023074672,
          0.8051175,
          -0.36045092,
          1
        ]
      },
      {
        "date" : 748980662.842038,
        "title" : "Untitled",
        "transform" : [
          0.9848613,
          9.2454455e-10,
          0.17334427,
          0,
          0.14677209,
          0.53205675,
          -0.8338906,
          0,
          -0.09222899,
          0.8467087,
          0.52400213,
          0,
          0.0004768446,
          0.8152105,
          -0.37626973,
          1
        ]
      },
      {
        "date" : 748980657.710139,
        "title" : "Untitled",
        "transform" : [
          0.9848613,
          9.2454455e-10,
          0.17334427,
          0,
          0.14677209,
          0.53205675,
          -0.8338906,
          0,
          -0.09222899,
          0.8467087,
          0.52400213,
          0,
          0.00011587143,
          0.80278623,
          -0.35625744,
          1
        ]
      },
      {
        "date" : 748980646.976775,
        "title" : "Untitled",
        "transform" : [
          0.9848613,
          9.2454455e-10,
          0.17334427,
          0,
          0.14677209,
          0.53205675,
          -0.8338906,
          0,
          -0.09222899,
          0.8467087,
          0.52400213,
          0,
          -0.016825557,
          0.8260962,
          -0.3969046,
          1
        ]
      }
    ],
    "28448B3C-E478-46F3-843B-6FF7A7CE61D7" : [
      {
        "date" : 748997403.431427,
        "title" : "Untitled",
        "transform" : [
          0.9951489,
          -1.6534667e-09,
          0.09837991,
          0,
          0.027172994,
          0.96109885,
          -0.2748648,
          0,
          -0.094552815,
          0.27620468,
          0.9564365,
          0,
          0.057621688,
          0.56843233,
          1.435715,
          1
        ]
      },
      {
        "date" : 748997392.388634,
        "title" : "Untitled",
        "transform" : [
          0.99867123,
          -4.950693e-10,
          0.051533233,
          0,
          0.029602764,
          0.8185464,
          -0.5736771,
          0,
          -0.042182334,
          0.57444036,
          0.8174588,
          0,
          0.17339395,
          1.1341033,
          0.9534648,
          1
        ]
      },
      {
        "date" : 748997385.254459,
        "title" : "Untitled",
        "transform" : [
          0.99709034,
          -5.057958e-10,
          0.076228194,
          0,
          0.0422955,
          0.83194774,
          -0.5532394,
          0,
          -0.063417874,
          0.55485386,
          0.8295272,
          0,
          0.1350672,
          1.0996355,
          0.9896517,
          1
        ]
      },
      {
        "date" : 748997380.768544,
        "title" : "Untitled",
        "transform" : [
          0.9839518,
          -3.4153042e-10,
          0.17843406,
          0,
          0.08250728,
          0.8866732,
          -0.4549759,
          0,
          -0.1582127,
          0.46239656,
          0.87244385,
          0,
          -0.028282434,
          0.9394527,
          1.0571362,
          1
        ]
      },
      {
        "date" : 748997372.716509,
        "title" : "Untitled",
        "transform" : [
          0.9323419,
          -5.0793614e-10,
          0.36157787,
          0,
          0.17285019,
          0.8783358,
          -0.44570062,
          0,
          -0.31758678,
          0.47804415,
          0.81890917,
          0,
          -0.3063363,
          0.9677782,
          0.9231547,
          1
        ]
      },
      {
        "date" : 748996138.805906,
        "title" : "Untitled",
        "transform" : [
          0.9127604,
          -7.2566375e-10,
          0.40849528,
          0,
          0.19179066,
          0.88292974,
          -0.42854574,
          0,
          -0.36067262,
          0.46950516,
          0.80590326,
          0,
          -0.35667282,
          0.9583132,
          0.91491616,
          1
        ]
      },
      {
        "date" : 748995994.503416,
        "title" : "Untitled",
        "transform" : [
          0.99694383,
          0,
          -0.07812161,
          0,
          -0.03258287,
          0.90887034,
          -0.41580418,
          0,
          0.07100241,
          0.4170788,
          0.90609264,
          0,
          0.33347467,
          0.8800103,
          0.8020891,
          1
        ]
      },
      {
        "date" : 748995992.107979,
        "title" : "Untitled",
        "transform" : [
          1,
          0,
          0,
          0,
          0,
          0.90887034,
          -0.41707885,
          0,
          0,
          0.4170788,
          0.9088703,
          0,
          0.18366355,
          1.4993478,
          2.1575727,
          1
        ]
      },
      {
        "date" : 748995987.235497,
        "title" : "Untitled",
        "transform" : [
          1,
          0,
          0,
          0,
          0,
          0.7071069,
          -0.70710677,
          0,
          0,
          0.70710677,
          0.7071069,
          0,
          0.18366355,
          2.1560636,
          1.5015168,
          1
        ]
      }
    ]
  },
  "sceneViewportBackgroundColors" : {

  }
}